1 13 1.5838402305234922e-06
1 113 5.279478614284017e-07
1 407 1.1160796020703856e-05
1 414 4.660776176024228e-05
1 505 4.664939842768945e-05
1 512 4.6263237891253084e-05
1 603 4.664939842768945e-05
1 610 4.664939842768945e-05
1 617 3.9357119021588005e-06
1 701 4.664939842768945e-05
1 708 4.664939842768945e-05
1 715 4.664939842768945e-05
1 806 4.664939842768945e-05
1 813 4.664939842768945e-05
1 904 4.664939842768945e-05
1 911 4.654380973079242e-05
1 918 4.655104930861853e-05
1 1008 1.5619722034898587e-05
1 1015 4.664939842768945e-05
1 1106 8.839061251819658e-07
1 1204 2.1579056920018047e-05
1 1302 4.3541425839066505e-05
1 1316 2.196259993070271e-05
10 214 1.4196125448506791e-06
10 312 6.656306140939705e-06
10 403 6.7316004788153805e-06
10 410 1.7105097867897712e-05
10 501 1.7384705643053167e-05
10 508 1.7384705643053167e-05
10 515 1.6736104953452013e-05
10 606 1.7384705643053167e-05
10 613 1.5014104064903222e-05
10 704 1.7384705643053167e-05
10 711 1.7384705643053167e-05
10 718 3.9315267486017547e-07
10 802 1.7384705643053167e-05
10 809 1.7384705643053167e-05
10 816 1.7384705643053167e-05
10 907 1.7384705643053167e-05
10 914 1.7384705643053167e-05
10 1004 1.7384705643053167e-05
10 1011 2.7662863431032747e-06
10 1018 1.197193341795355e-05
10 1102 1.561396857141517e-05
10 1116 1.7384705643053167e-05
10 1501 1.1170671996296733e-06
100 88 0.00031644897535443306
100 188 0.0001548582367831841
101 213 2.3384369342238642e-05
101 311 2.2472693672170863e-05
101 402 3.1513565772911534e-05
101 409 3.2133837521541864e-05
101 507 4.6553119318559766e-05
101 514 4.6553119318559766e-05
101 605 4.6553119318559766e-05
101 612 3.72008144040592e-05
101 703 4.6553119318559766e-05
101 710 4.6553119318559766e-05
101 717 3.372447463334538e-05
101 801 4.6553119318559766e-05
101 808 4.6553119318559766e-05
101 815 2.4202408894780092e-05
101 906 4.6553119318559766e-05
101 913 4.6553119318559766e-05
101 1003 4.4445689127314836e-05
101 1010 5.405559022619855e-06
101 1017 4.6553119318559766e-05
101 1024 2.1074295091239037e-06
101 1101 4.6553119318559766e-05
101 1115 4.0843231545295566e-05
101 1402 2.9795737646054476e-06
102 12 2.4291582576552173e-06
102 112 8.063984324735429e-08
102 301 3.7374566090875305e-06
102 406 5.4127249313751236e-06
102 413 3.639791611931287e-05
102 504 3.639791611931287e-05
102 511 3.639791611931287e-05
102 602 3.639791611931287e-05
102 609 3.639791611931287e-05
102 616 2.245587165816687e-05
102 707 3.639791611931287e-05
102 714 3.639791611931287e-05
102 805 3.639791611931287e-05
102 812 3.639791611931287e-05
102 819 6.162350132399297e-07
102 903 3.639791611931287e-05
102 910 3.623314842116088e-05
102 917 3.639791611931287e-05
102 1007 1.955943116627168e-05
102 1014 3.475848643574864e-05
102 1105 1.5690835425630212e-05
102 1203 3.5580393159762025e-05
102 1217 5.428913937066682e-06
102 1301 3.639791611931287e-05
102 1329 1.6477101780765224e-06
102 1420 4.6218588067858946e-07
102 2218 1.789756822745403e-07
102 2904 3.837429858322139e-07
102 3205 1.2823231827496784e-06
102 3604 2.714128584102582e-07
102 4605 7.844290195180292e-08
102 4808 1.49370706026275e-07
102 5102 2.8321019840404915e-07
102 6110 2.8321019840404915e-07
102 6509 1.5265004549291916e-07
102 7601 6.392435352609027e-06
1018 1420 5.763964509242214e-06
1018 1504 1.1067402283515548e-06
1018 1518 2.8110020139138214e-05
1018 1616 2.8110020139138214e-05
1018 1714 2.4892309738788754e-05
1018 1819 2.8110020139138214e-05
1018 1917 2.8110020139138214e-05
1018 2015 2.8110020139138214e-05
1018 2113 5.376497938414104e-06
1018 2218 2.758289519988466e-05
1018 2316 2.8110020139138214e-05
1018 2414 2.556497565819882e-05
1018 2512 2.5299135813838802e-05
1018 2519 7.666856618016027e-06
1018 2610 1.4974200439610286e-06
1018 2617 2.8110020139138214e-05
1018 2715 2.8110020139138214e-05
1018 2813 2.8110020139138214e-05
1018 2911 2.8110020139138214e-05
1018 2918 1.8359560272074305e-05
1018 3009 2.8110020139138214e-05
1018 3016 2.8110020139138214e-05
1018 3107 2.8110020139138214e-05
1018 3114 2.8110020139138214e-05
1018 3212 2.8110020139138214e-05
1018 3310 2.4139062588801607e-05
1018 3408 9.72209181782091e-06
1019 613 2.3284969756787177e-06
1019 1319 9.86100894806441e-06
1019 1417 3.540192119544372e-05
1019 1515 1.8464294043951668e-05
1019 1620 5.128340490045957e-05
1019 1718 7.002409256529063e-05
1019 1816 9.028357453644276e-05
1019 1914 7.981652015587315e-05
1019 2019 8.500184048898518e-05
1019 2117 8.00645793788135e-05
1019 2215 9.028357453644276e-05
1019 2313 7.88890611147508e-05
1019 2418 9.028357453644276e-05
1019 2509 3.877344170177821e-07
1019 2516 9.028357453644276e-05
1019 2614 9.028357453644276e-05
1019 2712 7.802234176779166e-05
1019 2719 1.3406878451860393e-06
1019 2810 8.95183184184134e-05
1019 2817 9.028357453644276e-05
1019 2908 5.419314402388409e-05
1019 2915 9.028357453644276e-05
1019 3006 5.7308192481286824e-05
1019 3013 9.028357453644276e-05
1019 3111 9.028357453644276e-05
1019 3118 9.83857080427697e-06
1019 3209 9.028357453644276e-05
1019 3216 3.772039053728804e-05
1019 3307 2.8852922696387395e-05
1019 3314 2.8484730137279257e-05
1020 1519 8.12312209745869e-05
1020 1617 8.12312209745869e-05
1020 1715 8.12312209745869e-05
1020 1813 3.6688052205136046e-05
1020 1820 2.8858195946668275e-05
1020 1918 8.12312209745869e-05
1020 2016 8.12312209745869e-05
1020 2114 8.12312209745869e-05
1020 2219 5.8239700592821464e-05
1020 2317 8.12312209745869e-05
1020 2415 8.12312209745869e-05
1020 2513 8.12312209745869e-05
1020 2611 5.670572863891721e-05
1020 2618 8.12312209745869e-05
1020 2709 3.416178742554621e-06
1020 2716 8.12312209745869e-05
1020 2814 8.12312209745869e-05
1020 2912 8.12312209745869e-05
1020 3010 8.12312209745869e-05
1020 3017 8.12312209745869e-05
1020 3108 8.12312209745869e-05
1020 3115 8.12312209745869e-05
1020 3206 7.969578291522339e-06
1020 3213 8.12312209745869e-05
1020 3311 4.008143878309056e-05
1020 3409 1.2233279448992107e-05
1021 1418 5.239110760157928e-05
1021 1516 4.4484866521088406e-05
1021 1614 9.521433639747556e-06
1021 1719 5.520454215002246e-05
1021 1817 5.520454215002246e-05
1021 1915 5.520454215002246e-05
1021 2013 2.9717313054788974e-07
1021 2020 3.2849511626409367e-06
1021 2118 4.839404937229119e-05
1021 2216 5.520454215002246e-05
1021 2314 5.520454215002246e-05
1021 2412 2.179769398935605e-05
1021 2419 2.6052668545162305e-05
1021 2510 2.63422748503217e-06
1021 2517 5.520454215002246e-05
1021 2615 5.520454215002246e-05
1021 2713 5.520454215002246e-05
1021 2811 5.520454215002246e-05
1021 2818 4.15219365095254e-05
1021 2902 4.998147687729215e-06
1021 2909 5.520454215002246e-05
1021 2916 5.520454215002246e-05
1021 3007 4.9755490181269124e-05
1021 3014 5.520454215002246e-05
1021 3112 5.520454215002246e-05
1021 3210 5.520454215002246e-05
1021 3217 7.448865062542609e-07
1021 3308 5.520454215002246e-05
1021 3315 2.914894992045447e-07
1024 612 1.2926207659802458e-07
1024 1024 1.1463209830253618e-06
1024 1206 3.100319418081199e-06
1024 1724 1.6222038539126515e-06
1024 2025 3.0393465522138285e-07
1024 2130 5.000106284569483e-08
1024 4909 1.0325038601877168e-07
1024 6610 3.365813086020353e-07
1024 7205 5.731604915126809e-07
1024 7303 3.73859779756458e-06
1024 7401 6.827446213719668e-06
1024 7604 4.984900101590028e-07
1024 7702 7.197636023192899e-06
1024 7905 2.851172439477523e-06
1024 8101 9.848817228430562e-08
